0 0
0 0
0 0
-32768 0
-32768 0
-32768 0
-32768 0
-32768 0
0 0
0 0
-32768 0
-32768 0
0 0
0 0
0 0
0 0
0 0
0 0
0 0
0 0
0 0
-32768 0
0 0
0 1
0 1
0 1
0 0
0 0
0 0
0 0
0 0
-32768 0
-32768 0
0 0
0 0
0 0
0 0
0 0
0 0
0 0
0 0
0 0
0 0
0 0
-32768 0
-32768 0
-32768 0
0 0
0 0
0 0
0 0
0 0
0 0
0 0
0 0
0 0
0 0
0 0
-32768 0
-32768 0
-32768 0
-32768 0
0 0
0 0
0 0
0 0
0 0
0 0
-32768 0
-32768 0
0 0
0 0
0 0
0 0
0 0
0 0
0 0
0 0
0 0
0 0
0 0
0 0
0 0
0 0
0 0
0 0
0 0
0 0
0 0
0 0
-32768 0
-32768 0
-32768 0
-32768 0
-32768 0
-32768 0
0 0
0 0
0 0
0 0
-32768 0
0 0
0 0
0 0
0 0
0 0
0 0
0 0
0 0
0 0
0 0
0 0
0 0
0 0
0 0
0 0
0 0
0 0
0 0
0 0
0 0
0 0
0 0
0 0
0 0
0 0
0 0
0 0
0 0
0 0
-32768 0
-32768 0
-32768 0
0 1
0 1
0 1
0 0
0 0
0 0
-32768 0
-32768 0
0 0
0 0
0 0
0 0
0 0
-32768 0
-32768 0
